function C = phys_constants()
C.mu0 = 4*pi*1e-7;
C.kB = 1.380649e-23;
C.mp = 1.6726219e-27;
C.G = 6.67430e-11;
C.year = 3.15576e7;
end